stop_id,stop_code,stop_name,stop_desc,stop_lat,stop_lon,stop_url,location_type,parent_station
1242,1599,Londyńska,,52.7363030241598,15.1952987909317,,,
189,663,Rondo Szczecińskie,,52.7368097202418,15.2011030912399,,,
3,413,Rondo Myśliborskie,,52.7348023896735,15.2090853452683,,,
151,5,Alejki,,52.7348722255413,15.2119874954224,,,
152,363,Dunikowskiego,,52.7367812999444,15.2117246389389,,,
153,469,Staszica,,52.7396926601293,15.2115576714277,,,
117,138,Fredry,,52.7388694,15.2181389,,,
118,281,Kotsisa,,52.7370809301477,15.2200824022293,,,
111,399,Matejki,,52.7369396413654,15.2294781804085,,,
112,27,Rondo Kos. Gdyńskich,,52.7336638868398,15.2314227819443,,,
181,191,Katedra,,52.7306282753336,15.2384099364281,,,
175,129,Fabryczna ,,52.7273812851654,15.2383160591125,,,
176,500,Towarowa,,52.7238985016981,15.233348608017,,,
177,224,Kwiatowa,,52.7221082687561,15.2286976575851,,,
178,493,Śląska Pole Golfowe,,52.7210035511473,15.2240386605263,,,
83,494,Śląska Pole Golfowe,,52.7208118473013,15.2237033843994,,,
84,225,Kwiatowa,,52.7223649491354,15.2300816774368,,,
85,501,Towarowa,,52.7245596671512,15.2338421344757,,,
86,130,Fabryczna ,,52.7275875793777,15.2392467856407,,,
87,9,Katedra,,52.7316271756464,15.2379807829857,,,
77,293,Krzywoustego,,52.7352165309753,15.2305054664612,,,
78,609,Sienkiewicza,,52.7373358984006,15.226329267025,,,
79,280,Kotsisa,,52.7374057302097,15.2224776148796,,,
80,137,Fredry,,52.7390361899508,15.2181646227837,,,
81,468,Staszica,,52.7400462648912,15.2125588059425,,,
2,364,Dunikowskiego,,52.7377759993281,15.2116294205189,,,
54,414,Rondo Myśliborskie,,52.7345133004722,15.2111560106277,,,
55,308,Rondo Szczecińskie,,52.7373456423807,15.1997458934784,,,
332,109,Długosza,,52.7421548426815,15.2185052633286,,,
278,28,Roosevelta,,52.7434075997337,15.2256774902344,,,
1217,4017,Warta Arena,,52.7475638484093,15.2197350561619,,,
279,79,Cmentarz Brama I,,52.7497658216551,15.2181968092918,,,
307,81,Cmentarz Brama II,,52.7528163347126,15.216061770916,,,
308,599,Zagłoby,,52.7569194,15.2132528,,,
309,266,Marmurowa,,52.7613628027709,15.2102467417717,,,
310,155,Granitowa,,52.7634111087453,15.208854675293,,,
311,61,Chwalęcice Kościelna,,52.7677972,15.2074444,,,
340,62,Chwalęcice Kościelna,,52.7676437527558,15.2072024345398,,,
341,156,Granitowa,,52.7636594308931,15.2085971832275,,,
342,267,Marmurowa,,52.7610479199335,15.2103674411774,,,
343,600,Zagłoby,,52.7559794538248,15.2138140797615,,,
280,82,Cmentarz Brama II,,52.7533806,15.2149778,,,
318,80,Cmentarz Brama I,,52.7498015393822,15.218049287796,,,
1216,4018,Warta Arena,,52.7474416711513,15.2197444438934,,,
319,29,Błotna,,52.7457717456511,15.2232098579407,,,
1267,228,Roosevelta,,52.7436268082184,15.2254682779312,,,
446,108,Długosza,,52.7420947613995,15.21832421422,,,
113,11,AWF,,52.7309125175896,15.2280324697495,,,
114,59,Chopina,,52.7316972,15.2206889,,,
1214,306,Rondo Europejskie,,52.7390004633989,15.1935768127441,,,
1223,264,Rondo Małyszyńskie,,52.7426298066578,15.1712313294411,,,
58,302,Metalowiec,,52.7439653613781,15.1551930606365,,,
59,502,TPV,,52.7417310243016,15.1538774371147,,,
295,616,Mosiężna/Złotego Smoka,,52.7390719164734,15.1523190736771,,,
296,586,Ziel-Bruk,,52.7393642232858,15.1459220051765,,,
297,572,Yetico,,52.7414549717994,15.1437011361122,,,
193,262,Szczecińska/Mosiężna,,52.7480074991597,15.1462948322296,,,
194,288,Metalowców,,52.7494541020662,15.1389348506927,,,
1240,8901,Lipiańska,,52.7515614129451,15.1296705007553,,,
1258,4020,Odlewników,,52.7419153289694,15.1333504915237,,,
1259,4021,Odlewników,,52.7423001740888,15.1330125331879,,,
1218,1206,Lipiańska,,52.7515711537449,15.1301801204681,,,
208,289,Metalowców,,52.7493177240448,15.1393532752991,,,
312,132,Szczecińska/Mosiężna,,52.7469099322513,15.1468527317047,,,
313,573,Yetico,,52.7422352215644,15.1440685987473,,,
314,587,Ziel-Bruk,,52.7389436256423,15.1467561721802,,,
315,617,Mosiężna/Złotego Smoka,,52.7394389,15.152625,,,
316,503,TPV,,52.7424787930317,15.1544031500816,,,
317,303,Metalowiec,,52.7443169018036,15.1554760336876,,,
1233,265,Rondo Małyszyńskie,,52.7421069400444,15.1735728979111,,,
213,309,Rondo Europejskie,,52.7383460127438,15.1953564584255,,,
4,598,Asnyka,,52.7320194204869,15.2179084718227,,,
5,12,AWF,,52.731140722174,15.2291496098042,,,
192,595,Kołobrzeska,,52.7462020194016,15.1540088653564,,,
195,206,Lipiańska,,52.7518089909298,15.1295739412308,,,
196,15,Słoneczna,,52.7530744577347,15.1248049736023,,,
197,17,Pocztowa,,52.7546523840888,15.1151329278946,,,
198,19,Myśliborska,,52.755012766658,15.1110827922821,,,
199,352,Osiedlowa,,52.7534153725897,15.1057934761047,,,
200,14,Baczyna,,52.7519283148985,15.102057158947,,,
203,615,Baczyna,,52.7518796112773,15.1020812988281,,,
204,353,Osiedlowa,,52.7535777120592,15.1064747571945,,,
205,20,Myśliborska,,52.7548926394662,15.112142264843,,,
206,18,Pocztowa,,52.7544510880226,15.1163747906685,,,
207,16,Słoneczna,,52.7526111,15.1264944,,,
1197,263,Szczecińska/Mosiężna,,52.7472655079902,15.1491487026215,,,
1063,888,Kołobrzeska,,52.7461029756317,15.1541483402252,,,
303,647,Borne Furniture,,52.733477111068,15.1554197072983,,,
571,610,Małyszyńska,,52.7388,15.1623556,,,
304,611,Małyszyńska,,52.7389192665811,15.161669254303,,,
305,648,Borne Furniture,,52.7337499658391,15.1556316018105,,,
6,160,Jagiełły,,52.7330921880404,15.2399253845215,,,
7,521,Biały Kościół,,52.7335404525063,15.2433720231056,,,
8,23,GLS,,52.7404111,15.2440333,,,
9,419,Rondo Piłsudskiego,,52.7464666762397,15.2442705631256,,,
10,216,Czereśniowa,,52.749955774686,15.2445736527443,,,
11,459,SP 13,,52.7535549845699,15.2450296282768,,,
12,407,Rondo Górczyńskie,,52.7567432107985,15.2467650175095,,,
13,1,Bogusławskiego,,52.7611517990593,15.2450162172318,,,
14,91,Dekerta,,52.763717859428,15.2410411834717,,,
15,93,Dekerta Szpital,,52.7624608171214,15.2345877885818,,,
147,94,Dekerta Szpital,,52.7624194,15.234575,,,
148,92,Dekerta,,52.7635555577487,15.240563750267,,,
149,2,Bogusławskiego,,52.7626969718012,15.2438668906689,,,
150,559,Park 750-lecia,,52.7597932352979,15.2455231547356,,,
69,408,Rondo Górczyńskie,,52.7568227511374,15.2463613450527,,,
70,460,SP 13,,52.7540468697255,15.2448713779449,,,
71,217,Czereśniowa,,52.7501035153597,15.2441941201687,,,
107,418,Rondo Piłsudskiego,,52.7469018140499,15.2437502145767,,,
74,24,GLS,,52.7397718256237,15.2437314391136,,,
75,522,Biały Kościół,,52.7338181792651,15.2432352304459,,,
76,161,Jagiełły,,52.7332708447206,15.240370631218,,,
1065,889,TPV,,52.7414330499081,15.153481811285,,,
249,290,Urząd Wojewódzki,,52.7390776002357,15.2285045385361,,,
250,425,Sąd Okręgowy,,52.7439515595021,15.2305135130882,,,
251,3,Rondo Wyszyńskiego,,52.7446936071027,15.2348251640797,,,
252,417,Zacisze,,52.7457725574923,15.2418230473995,,,
90,370,Pluty,,52.7582747426128,15.255424529314,,,
91,326,Park Górczyński,,52.7594832106274,15.2577379345894,,,
92,670,Batalionu ""Zośka"",,52.759760772085,15.2611175179482,,,
1074,6,Armii Krajowej,,52.7599693478058,15.2662901580334,,,
123,200,Kombatantów,,52.762014473164,15.2696000039577,,,
124,517,Bora-Komorowskiego,,52.7647679366756,15.2733162045479,,,
62,518,Bora-Komorowskiego,,52.7648653150446,15.2732518315315,,,
104,201,Kombatantów,,52.7613092403871,15.2684882283211,,,
105,7,Armii Krajowej,,52.7599880140668,15.264505147934,,,
106,605,Batalionu ""Zośka"",,52.7599182184414,15.2602887153625,,,
67,327,Park Górczyński,,52.7589102272867,15.2572309970856,,,
68,371,Pluty,,52.7585831526802,15.2529582381248,,,
108,4,Rondo Wyszyńskiego,,52.7450703091454,15.2355855703354,,,
109,426,Sąd Okręgowy,,52.7437713228385,15.2285796403885,,,
110,291,Urząd Wojewódzki,,52.7389964035616,15.2284803986549,,,
115,452,Rondo Szczecińskie,,52.7378377105421,15.2013713121414,,,
116,448,Słowiańska,,52.7388673005384,15.2011969685555,,,
248,447,Słowiańska,,52.739391829939,15.2015724778175,,,
215,523,Wał Okrężny,,52.7281658477151,15.2428194880486,,,
216,594,Zielona,,52.7273536709055,15.2460515499115,,,
217,561,Woskowa,,52.7254472,15.2469722,,,
218,354,Owcza,,52.7228880525738,15.2492219209671,,,
220,644,SP 4,,52.7192651888408,15.2555385231972,,,
239,212,Krótka,,52.7175560024657,15.2601009607315,,,
240,539,Wiatraczna,,52.7164609181998,15.2631211280823,,,
241,577,Zagrodowa,,52.7147987422211,15.2677935361862,,,
242,476,Strażacka/Wylotowa,,52.7129853871022,15.2772510051727,,,
243,112,Dom Strażaka,,52.710198587829,15.2789622545242,,,
244,106,Deszczowa,,52.7077658834253,15.2808679640293,,,
245,145,Gospodarska,,52.7058417245647,15.286657512188,,,
246,116,Dworska,,52.7013105153682,15.2904608845711,,,
247,474,Strażacka,,52.6980808477905,15.2966192364693,,,
229,117,Dworska,,52.7012845099405,15.2906486392021,,,
230,146,Strażacka Kościół,,52.7049340576787,15.2882359921932,,,
231,107,Deszczowa,,52.7076895037364,15.2811026573181,,,
232,113,Dom Strażaka,,52.7107202121959,15.2788791060448,,,
233,477,Strażacka/Wylotowa,,52.7137620842755,15.2766475081444,,,
234,578,Zagrodowa,,52.714784118691,15.2695369720459,,,
235,540,Wiatraczna,,52.7160287260423,15.2644059062004,,,
236,213,Krótka,,52.7179194,15.2592694,,,
237,464,SP 4,,52.719372416932,15.2553668618202,,,
172,355,Owcza,,52.72358822158,15.2487605810165,,,
173,593,Zielona,,52.7269881864057,15.2467194199562,,,
174,630,Wał Okrężny,,52.7283429002511,15.2424761652946,,,
182,450,Słowiańska,,52.7388055907821,15.2013820409775,,,
1,341,Os. Staszica,,52.7406389,15.2113944,,,
82,340,Os. Staszica,,52.7425193881439,15.21120429039,,,
63,159,Hubala,,52.7620867000419,15.2671605348587,,,
64,316,Obrońców Pokoju,,52.7635766570012,15.2611416578293,,,
65,192,Działkowców,,52.7646348525524,15.2568018436432,,,
66,624,Pl. Jana Pawła II,,52.7630524186986,15.2542135119438,,,
568,444,CSR ""Słowianka"",,52.7437031249876,15.2172231674194,,,
562,451,Słowiańska,,52.739154736936,15.2018997073174,,,
572,439,Komenda Miejska Policji,,52.7482,15.2364639,,,
333,438,Komenda Miejska Policji,,52.7475512653852,15.2360764145851,,,
570,445,CSR ""Słowianka"",,52.7432736384503,15.2180318534374,,,
120,623,Pl. Jana Pawła II,,52.7622295303691,15.2538299560547,,,
121,193,Działkowców,,52.7641771699023,15.2584353089333,,,
122,315,Obrońców Pokoju,,52.7630540417371,15.2630031108856,,,
125,135,Fieldorfa""Nila"",,52.7638201091754,15.2760815620422,,,
1262,1717,Fieldorfa""Nila"",,52.7626401649505,15.2752849459648,,,
127,545,Wieprzyce PKP,,52.7185470787692,15.180943608284,,,
128,310,Zajezdnia Kostrzyńska,,52.7197493378273,15.1832610368729,,,
129,520,Tartaczna,,52.7220920231116,15.1891136169434,,,
130,373,Pl. Słoneczny,,52.7235541068773,15.1988875865936,,,
131,339,Os. Słoneczne,,52.7246880003158,15.2053034305573,,,
132,305,Olimpijska,,52.7256431770668,15.2102226018906,,,
133,115,Żelazna,,52.7275014882109,15.2193957567215,,,
134,163,Jancarza,,52.7294279404568,15.2251946926117,,,
135,580,Dworcowa,,52.7299889,15.2309028,,,
1207,190,Katedra,,52.7310928074315,15.2390563488007,,,
1208,374,Herberta,,52.7323840507242,15.2437368035316,,,
1263,1375,Pl. Staromiejski,,52.733293582791,15.2468132972717,,,
138,488,CEZiB,,52.7338003138543,15.2510887384415,,,
139,420,Rondo Santockie,,52.7340471807001,15.254967212677,,,
140,322,Rondo Solidarności,,52.7383021658227,15.2566355466843,,,
141,382,Pomorska,,52.7415434711744,15.2542108297348,,,
142,358,Park Kopernika,,52.7445279870706,15.250471830368,,,
143,470,Stilon,,52.7470706723283,15.2542859315872,,,
144,491,Walczaka Szpital,,52.7519413025217,15.2609968185425,,,
1209,10420,Medyk,,52.7544543347407,15.2644729614258,,,
145,405,Rondo Gdańskie,,52.7573762829426,15.2683782577515,,,
146,434,Szarych Szeregów,,52.7601892845462,15.2722299098969,,,
1255,1041,Fieldorfa""Nila"",,52.7632626016862,15.276406109333,,,
1256,10422,Fieldorfa""Nila"",,52.762547650778,15.2754083275795,,,
1257,4355,Szarych Szeregów,,52.7602704417344,15.27224868536,,,
17,406,Rondo Gdańskie,,52.7573113528897,15.2682065963745,,,
1210,1042,Medyk,,52.7544770617608,15.2643066644669,,,
18,492,Walczaka Szpital,,52.7521507274103,15.2611416578293,,,
19,471,Stilon,,52.7470349523624,15.2541679143906,,,
20,359,Park Kopernika,,52.7445279870706,15.2503752708435,,,
21,383,Pomorska,,52.7418519997001,15.2536851167679,,,
22,323,Rondo Solidarności,,52.7380910503996,15.2565604448318,,,
23,421,Rondo Santockie,,52.7340406842221,15.2545648813248,,,
24,489,CEZiB,,52.7337905690817,15.2502089738846,,,
25,375,Pl. Staromiejski,,52.7330759464878,15.2459912002087,,,
26,189,Wełniany Rynek,,52.7315800735442,15.2408668398857,,,
95,8,Katedra,,52.7313055809705,15.2380800247192,,,
1241,4433,Wybickiego,,52.7330726981765,15.2365672588348,,,
97,856,Pl. Nieznanego Żołnierza,,52.7348129462653,15.2352194488049,,,
98,47,Borowskiego,,52.7365831693562,15.2338340878487,,,
99,515,Pl.Grunwaldzki,,52.7391376856772,15.2322247624397,,,
100,431,Sąd Okręgowy,,52.7431721523553,15.2298215031624,,,
101,57,Chodkiewicza,,52.7465121386022,15.2306717634201,,,
102,196,Kilińskiego,,52.7500190921789,15.2317768335342,,,
103,365,Piaski,,52.7526134067346,15.232640504837,,,
260,366,Piaski,,52.7529770530003,15.2323454618454,,,
261,197,Kilińskiego,,52.7503470428492,15.2318143844604,,,
262,58,Chodkiewicza,,52.7470576832532,15.2308917045593,,,
263,432,Sąd Okręgowy,,52.7432257370429,15.2297329902649,,,
264,516,Pl.Grunwaldzki,,52.7398741315882,15.2317231893539,,,
265,48,Borowskiego,,52.7364930358808,15.2338635921478,,,
266,855,Pl. Nieznanego Żołnierza,,52.7348178185376,15.235148370266,,,
190,443,Wybickiego,,52.7327900941701,15.2367120981216,,,
1211,1189,Katedra,,52.7307768936586,15.2375650405884,,,
27,579,Dworcowa,,52.7299607048055,15.2300870418549,,,
28,162,Jancarza,,52.7293694659245,15.2247333526611,,,
29,114,Żelazna,,52.7274625034757,15.2191704511642,,,
30,304,Olimpijska,,52.7258933389491,15.2113008499146,,,
31,338,Os. Słoneczne,,52.7248277043441,15.2058506011963,,,
32,372,Pl. Słoneczny,,52.7239634815479,15.2009582519531,,,
33,519,Tartaczna,,52.7222252372176,15.1896339654922,,,
1215,3101,Zajezdnia Kostrzyńska,,52.7197940157348,15.1832704246044,,,
34,544,Wieprzyce PKP,,52.7185503281627,15.1804232597351,,,
1265,1078,Szarych Szeregów,,52.7609976033929,15.273517370224,,,
61,136,Fieldorfa""Nila"",,52.7640505759796,15.275856256485,,,
179,336,Ogińskiego,,52.7644644393618,15.2440559864044,,,
180,455,Sosnkowskiego,,52.7659770359897,15.251187980175,,,
73,473,Park Kopernika,,52.7433978571088,15.2489644289017,,,
88,541,Widok,,52.7409848666022,15.2456545829773,,,
89,472,Park Kopernika,,52.7429919124681,15.2486479282379,,,
119,157,Stilon,,52.7473418183871,15.2527798712254,,,
606,390,Prefadom,,52.7660922638366,15.2804857492447,,,
126,392,Prefadom,,52.7667414291065,15.2807378768921,,,
93,456,Sosnkowskiego,,52.7657287270579,15.2524003386498,,,
94,337,Ossolińskich,,52.765223990159,15.2463921904564,,,
188,312,Zajezdnia Kostrzyńska,,52.7200580206173,15.1833683252335,,,
35,546,Wieprzyce PKP,,52.7179069435352,15.1800638437271,,,
300,110, SP 12,,52.7219912999809,15.1790982484818,,,
301,680,Artylerzystów,,52.726541478968,15.1773977279663,,,
302,261,Folwarczna,,52.7382493870628,15.172473192215,,,
306,60,Chróścik,,52.7294994092231,15.1473623514175,,,
397,633,Chróścik INNEKO,,52.7219003240499,15.1377868652344,,,
369,260,Rondo Małyszyńskie,,52.7408484620725,15.1721969246864,,,
370,679,Artylerzystów,,52.7265284837741,15.1773306727409,,,
371,111, SP 12,,52.723190215055,15.1788300275803,,,
339,311,Zajezdnia Kostrzyńska,,52.7201156953174,15.1833522319794,,,
253,700,Tartaczna,,52.7222057424958,15.1892691850662,,,
254,702,Pl. Słoneczny,,52.7234631342064,15.1990216970444,,,
255,703,Os. Słoneczne,,52.7245547937324,15.2053463459015,,,
256,704,Olimpijska,,52.7255067245262,15.2103245258331,,,
257,705,Żelazna,,52.7271246343106,15.2186715602875,,,
191,721,Dworcowa,,52.7299542077185,15.2309936285019,,,
452,409,Rondo Górczyńskie,,52.7582219880404,15.245246887207,,,
453,440,Rondo Barlineckie,,52.7586716172702,15.2370661497116,,,
454,367,Piaski,,52.7526117833069,15.2327156066895,,,
455,727,Kilińskiego,,52.7501619620813,15.2318841218948,,,
456,728,Chodkiewicza,,52.7468238792391,15.2308970689774,,,
553,729,Sąd Okręgowy,,52.7431737761347,15.2297329902649,,,
554,730,Pl. Grunwaldzki,,52.7396890063338,15.2317500114441,,,
555,636,Borowskiego,,52.7367431355159,15.2326458692551,,,
344,706,Żelazna,,52.7277483907244,15.2195459604263,,,
1113,707,Olimpijska,,52.7257861268895,15.2100831270218,,,
346,708,Os. Słoneczne,,52.7248536957418,15.2052015066147,,,
347,709,Pl. Słoneczny,,52.7237750397166,15.1994293928146,,,
348,607.,Tartaczna,,52.7222967177896,15.189403295517,,,
1250,922,Olimpijska,,52.7262637058538,15.2106410264969,,,
1251,919,Stadion Piłkarski,,52.7321534163628,15.2088975906372,,,
1061,1021,Spokojna,,52.7237100595859,15.2360147237778,,,
1096,863,Zamoście PKP,,52.7245125574137,15.2392709255219,,,
1299,0713,Przemysłowa Liceum,,52.724078820543,15.2437421679497,,,
170,205,Koniawska/Krótka,,52.7146395079625,15.2552407979965,,,
583,1002,Rondo Santockie,,52.7341738618282,15.2546855807304,,,
187,712,CEZiB,,52.7338474135578,15.2502465248108,,,
1095,1012,Pl. Staromiejski,,52.733363421076,15.2466228604317,,,
1088,866,Przemysłowa Liceum,,52.7230635020113,15.2446568012238,,,
1247,920,Stadion Piłkarski,,52.7332659722754,15.2086991071701,,,
1248,6455,Siedlicka II,,52.6955710669208,15.2929204702377,,,
626,645,Siedlicka I,,52.6936979839008,15.2862390875816,,,
1249,924,Karnin PKP,,52.6911412116908,15.2822855114937,,,
328,186,Poznańska/Wierzbowa,,52.6918467673509,15.2798822522163,,,
329,396,Bindera,,52.6965203792433,15.27064204216,,,
330,589,Zieleniec PKP,,52.6995469872,15.2646124362946,,,
168,154,Graniczna,,52.7056727065571,15.2605113387108,,,
169,380,Paradyska,,52.7094494528293,15.2582931518555,,,
171,203,Most Koniawski,,52.7200580206173,15.2520731091499,,,
1264,118,Dworzec Główny,,52.7284793439169,15.2290785312653,,,
1289,868,Przemysłowa Centrum Handlowe,,52.7273000667039,15.2409392595291,,,
1291,0715,Mazowiecka,,52.7215624117879,15.2460193634033,,,
1292,1307,Mazowiecka Wiadukt,,52.7215477905251,15.2489510178566,,,
419,562,Wylotowa/Strażacka,,52.7139749423838,15.2770471572876,,,
420,601,Żytnia,,52.7105349631348,15.2867969870567,,,
431,433,Siedlice Ujęcie Wody,,52.7116778,15.2911639,,,
432,602,Żytnia,,52.7100710245349,15.2882105112076,,,
433,563,Wylotowa/Strażacka,,52.7140862456376,15.276852697134,,,
1293,0714,Mazowiecka,,52.7216371426098,15.2460086345673,,,
1294,867,Przemysłowa Centrum Handlowe,,52.7273228078884,15.2409714460373,,,
258,202,Most Koniawski,,52.7198183854832,15.2521347999573,,,
221,204,Koniawska/Krótka,,52.7146378831201,15.2551630139351,,,
222,379,Paradyska,,52.7087084302843,15.2586552500725,,,
223,153,Graniczna,,52.7053861,15.2605944,,,
224,590,Zieleniecka,,52.700275162306,15.2591729164124,,,
1181,2033,Zuchów,,52.6961205001993,15.2559247612953,,,
225,554,Willowa,,52.6918191305926,15.2534705400467,,,
1301,348,Osadnicza,,52.6872141146643,15.2509318292141,,,
227,245,Łagodzin,,52.6841289294269,15.2495920658112,,,
165,349,Osadnicza,,52.6873806,15.2511167,,,
166,555,Willowa,,52.6919589398961,15.2536529302597,,,
1182,2031,Sulęcińska,,52.6933667621171,15.2544522285461,,,
1183,2034,Zuchów,,52.6960684831438,15.2559649944305,,,
167,591,Zieleniecka,,52.6995567396254,15.2586767077446,,,
154,384,Pomorska,,52.742202745266,15.2526953816414,,,
155,324,Rondo Solidarności,,52.7383801158743,15.2562788128853,,,
156,368,Podmiejska Boczna,,52.7400982295283,15.2647787332535,,,
157,386,Włókiennicza,,52.7414330499081,15.2701672911644,,,
158,423,Rondo Sybiraków,,52.7425607951194,15.2747283875942,,,
159,294,Partyzantów,,52.7443039119076,15.281800031662,,,
160,581,Zakład Karny,,52.7462778,15.28585,,,
161,529,Wawrów Kościół,,52.7480708194839,15.2921479940414,,,
162,660,Wawrów Zakład Rolny,,52.745869166495,15.2936768531799,,,
268,270,Wawrów Stadion,,52.7432655195714,15.2951198816299,,,
269,664,Wawrów Zakład Rolny,,52.7468336210981,15.2932155132294,,,
270,194,Wawrów Kościół,,52.7487754548315,15.2921077609062,,,
1064,1020,Wawrów Sadowa,,52.7492138166943,15.2907438576221,,,
271,582,Zakład Karny,,52.7466745037956,15.28629809618,,,
272,295,Partyzantów,,52.7441090630033,15.280721783638,,,
273,424,Rondo Sybiraków,,52.7425218238495,15.2736420929432,,,
274,387,Włókiennicza,,52.7412178900194,15.2684050798416,,,
275,369,Podmiejska Boczna,,52.7404668518944,15.2653916180134,,,
276,325,Rondo Solidarności,,52.7381527611675,15.2567777037621,,,
277,385,Pomorska,,52.742066344548,15.2537253499031,,,
439,258,Małorolnych/Cicha,,52.715627400919,15.2525585889816,,,
440,83,Rondo Kasprzaka,,52.7175462540623,15.2486318349838,,,
441,25,Skowronkowa,,52.709114694203,15.2407702803612,,,
442,210,Kręta,,52.7044164271967,15.2364908158779,,,
443,318,ROD Malwa,,52.7015543154994,15.2331259846687,,,
444,320,ROD Sami Swoi,,52.7009935731616,15.2272465825081,,,
445,317,Drozdowa Ogrody Działkowe,,52.7028480587405,15.2207368612289,,,
550,321,ROD Sami Swoi,,52.7009009280819,15.2273538708687,,,
551,319,ROD Malwa,,52.7015104315763,15.2326498925686,,,
380,211,Kręta,,52.7045537583311,15.2367201447487,,,
381,26,Skowronkowa,,52.7099678361196,15.241633951664,,,
382,84,Rondo Kasprzaka,,52.7171823121119,15.2492567896843,,,
383,259,Małorolnych/Cicha,,52.7158321259371,15.251550078392,,,
281,588,Zieleniec PKP,,52.6998428098019,15.2638453245163,,,
282,395,Bindera,,52.6960554788703,15.2714627981186,,,
285,185,Poznańska/Wierzbowa,,52.6918353875113,15.2797910571098,,,
1252,923,Karnin PKP,,52.6910973172984,15.2822694182396,,,
576,646,Siedlicka I,,52.6937244002539,15.2863490581512,,,
1253,6466,Siedlicka II,,52.6954995425534,15.2929204702377,,,
437,525,Wawrów Dolny,,52.7309953535555,15.2971234917641,,,
438,90,Czechówek,,52.7335444,15.2884667,,,
183,528,Janice,,52.735408171501,15.2797615528107,,,
184,481,Orzeszkowej,,52.7359928323056,15.274783372879,,,
185,398,Ptasia,,52.7353806,15.2660472,,,
186,362,Urocza,,52.7346444,15.2581,,,
1300,391,Prefadom,,52.7667471092599,15.2807995676994,,,
1254,3910,Prefadom,,52.7656045720611,15.2794450521469,,,
72,158,Stilon,,52.7470357641801,15.2530708909035,,,
1098,1006,Pl. Staromiejski,,52.7332562273833,15.2469098567963,,,
384,711,CEZiB,,52.7337548382302,15.2511101961136,,,
385,361,Urocza,,52.7345806,15.2576167,,,
386,397,Ptasia,,52.735339960563,15.2661520242691,,,
387,480,Orzeszkowej,,52.7359376146761,15.2738392353058,,,
388,527,Janice,,52.7349956561039,15.280727148056,,,
515,89,Czechówek,,52.7334300109644,15.2886611223221,,,
516,524,Wawrów Dolny,,52.7307842027435,15.2975258231163,,,
517,627,Czechów Kalinowa,,52.7296806,15.3050111,,,
434,87,Czechów,,52.7287667,15.3194389,,,
435,88,Czechów Świetlica,,52.7288334457242,15.3168752789497,,,
436,626,Czechów Kalinowa,,52.72975,15.3049139,,,
1268,1144,Jedwabnicza Park Handlowy,,52.7614082495903,15.2788388729095,,,
548,120,Działkowców Pętla ,,52.768078679059,15.2604603767395,,,
549,122,ROD Jedwab,,52.7647484609757,15.257676243782,,,
488,313,Nowy Dwór,,52.695527176982,15.2288961410522,,,
1230,3999,Niwicka,,52.6925929532124,15.2318412065506,,,
1199,4001,Ludowa,,52.6914013257034,15.2407756447792,,,
1231,4003,Niwicka/Sulęcińska,,52.6906876341743,15.2506756782532,,,
556,121,ROD Jedwab,,52.764683541913,15.2579069137573,,,
557,119,Działkowców Pętla ,,52.768091661867,15.2607178688049,,,
533,725,Chodkiewicza,,52.7465072676371,15.2308005094528,,,
534,726,Kilińskiego,,52.7500207157032,15.231910943985,,,
1156,1034,Puszkina,,52.7518203551313,15.2340500056744,,,
1085,1027,Baczyna,,52.751873117457,15.1020169258118,,,
1222,1656,Osiedlowa I (gr. strefy),,52.74636276209,15.0974598526955,,,
201,620,Racław III,,52.7413404906899,15.0942760705948,,,
202,400,Racław,,52.7302352058464,15.0898692011833,,,
1245,005,Stanowice II,,52.7218727063191,15.0526106357574,,,
378,465,Stanowice,,52.7204778,15.0463889,,,
1244,006,Stanowice II,,52.7218572728736,15.0527688860893,,,
485,401,Racław,,52.7301215074,15.0898289680481,,,
486,619,Racław III,,52.7409881143239,15.0942277908325,,,
1220,1657,Osiedlowa I (gr. strefy),,52.7464309557787,15.0975859165192,,,
338,622,Okulickiego,,52.7623106837554,15.2588671445847,,,
1149,1018,Kasprzaka Terminal,,52.6976631028244,15.2324420213699,,,
1077,874,Czechów Kościół,,52.7298664969493,15.3169074654579,,,
1078,878,Czechów Klonowa,,52.7323661847257,15.3179790079594,,,
1079,876,Czechów SARRIS DARM,,52.7338937011479,15.3226420283318,,,
1080,875,Czechów SARRIS DARM,,52.7339854641197,15.3227493166924,,,
1081,877,Czechów Klonowa,,52.7323515670852,15.3178033232689,,,
1228,4004,Niwicka/Sulęcińska,,52.6906908856428,15.2512603998184,,,
1198,4002,Ludowa,,52.6914598511427,15.2406415343285,,,
1229,4000,Niwicka,,52.6929278385814,15.230655670166,,,
379,314,Nowy Dwór,,52.6966552969561,15.2300991117954,,,
331,422,Rondo Santockie,,52.7336054179885,15.2554580569267,,,
631,789,Rondo Santockie,,52.7352295235799,15.2558174729347,,,
451,621,Okulickiego,,52.7623918369905,15.2588295936584,,,
535,367.,Piaski,,52.7535095295557,15.2338260412216,,,
